777840
271521
313366
271788
311415
271522
270605
311414
277692
271166
272351
271955
277711
277717
314030
276860
273440
273362
273305
273336
282891
282502
312416
273261
271116
272792
272232
776847
313776
272500
271260
271261
272295
308594
271262
280663
272501
283447
273534
272649
273192
271865
271789
308290
312318
272012
272891
312407
271790
272731
277231
777616
308622
271791
287252
270495
780908
271920
271792
282675
272352
777246
280747
306541
287979
320268
271866
272091
320275
272116
280999
320562
280848
271759
320046
776627
273477
272070
272672
272655
272663
272662
320565
272586
272316
777358
778131
314310
777254
312046
272317
272587
280669
311234
272215
315724
282888
779081
271760
273412
273123
272330
271162
279953
272128
273054
272048
271101
272498
271100
778955
272333
778492
271306
277732
272033
314102
273251
316398
316396
316397
271093
271507
271415
277703
272724
272726
272727
272712
272728
273429
276830
282084
271257
271163
780605
777245
320466
271164
272782
271995
778505
272348
287521
271787
271256
271165
283172
283183
313517
308535
272457
273322
272867
779643
279358
776853
314565
776863
273092
271258
778133
776643
273599
277227
776626
321111
278667
319960
271259
272157
280363
280854
273574
271331
286283
321049
282185
315811
272349
777354
777291
777357
271496
272109
776644
271486
271404
272499
779234
279450
274134
276917
272350
271368
276927
312223
314569
313516
313696
314877
306233
277409
272072
314876
271977
271999
273314
271932
779980
271012
271236
320476
272549
271700
272421
272550
276939
271051
271237
271077
272779
272787
271678
273189
315715
288003
271701
277815
271187
272863
308295
272010
271933
272422
315775
271128
272423
273404
271956
271078
271558
272152
314573
282490
273143
272280
313345
319231
776862
272644
272675
272674
272666
271855
272529
272530
273216
272531
272532
271894
272226
777612
272217
272533
272534
271341
272041
272328
272535
272536
272537
281842
271092
273244
271506
321099
272329
779205
273308
273320
305754
308664
273367
280365
277685
280676
271898
271102
281064
271030
271082
271083
271119
272220
271326
276879
272835
305759
313056
780487
280851
277423
320045
312442
312375
277697
315818
277721
315510
277714
315773
311981
321625
314095
306198
272856
271096
271095
272620
271094
271088
271976
272270
780315
272626
305941
271087
271831
308293
278654
271763
777793
778498
320501
280690
271278
272393
273583
271832
270502
271872
306189
273300
271833
272942
272939
272943
272394
777289
271991
272100
321202
308311
271343
273250
271361
277421
272395
282893
321198
271114
282164
778950
778034
272676
273559
282161
273277
272396
312412
287546
312392
312381
312403
272084
311973
276872
272631
320274
283461
272858
778416
778413
777270
272930
280172
271652
280161
271285
271325
273097
273101
272977
273114
273240
272420
287004
272016
272020
271355
272688
271340
271104
271046
272706
272634
306235
273151
272990
280810
280806
280807
273154
280780
273134
273155
280799
280783
280813
280801
273079
280811
273156
273135
280777
273157
273136
273290
273158
280815
273444
273159
273062
280805
273137
280809
273160
273370
273138
273080
280800
280798
280808
273161
273139
280779
273445
273443
273058
273162
273082
273369
280812
280790
280803
280804
280814
280776
280784
280781
280802
273165
280664
280782
280778
273163
273347
312986
272143
779078
277413
276881
271753
776852
777989
315803
315762
277689
280649
273335
306212
777620
271090
272949
777250
271089
321619
776623
272961
271098
320469
271683
777747
779979
271097
277910
311225
277424
272869
277813
282498
778124
780446
319405
312219
776850
273059
272384
276914
272870
280860
271602
271536
273133
272923
313678
271537
272255
279969
271178
276859
276882
271276
780510
271275
273060
273196
273195
273061
273197
273198
286275
312050
272545
271371
271829
780488
272055
271277
271830
276231
271741
319959
780147
272176
273466
272868
311451
319402
286270
273065
271867
271742
321100
313383
272241
273474
271743
314317
305623
312386
312397
305628
271681
272234
271751
272801
271682
282083
282079
272576
313052
312374
276840
273219
273542
779297
280998
280281
270561
283161
305633
283181
282499
280588
280585
270671
280744
270496
270606
286327
280305
272629
312952
777608
271752
271091
314642
272032
288002
272017
272014
272184
315774
272018
308596
272101
272019
314128
314306
270558
272513
272514
305930
272872
777268
272918
272919
272920
272921
273093
272871
777256
320509
320510
776622
777288
321456
321113
321453
321109
777073
777085
321107
778954
321103
321108
321102
321450
313923
777068
272054
272053
278669
276937
272335
272615
272515
271290
320462
283374
311593
271546
272929
777796
314566
780449
271653
272885
272880
272852
272853
271715
271722
272881
305758
273241
273482
280302
273315
271989
780297
273321
280171
271370
271099
277336
312224
272543
271045
272236
280279
271272
272544
776469
778408
273595
273611
271273
276936
280852
271274
280656
313339
277695
271601
271535
271990
271516
272934
271575
272705
272936
276226
272453
271914
273221
271018
271303
273107
273122
271150
272323
271414
271379
272079
271849
778123
777244
271419
271304
271803
271457
271720
271421
271576
320502
271802
776616
271420
271439
271503
272935
272931
281681
272616
272946
271475
272283
312371
273292
313514
272424
271732
318424
271151
320598
271086
271152
271403
282140
271710
272617
272166
780336
271639
276839
271883
272572
273316
273361
272346
271153
287552
271154
272573
271611
272159
272168
272160
272096
280677
280418
312395
272454
272189
272099
272455
308291
272571
308310
315533
272028
272029
272030
280684
272037
314993
314641
315525
278668
305944
272031
273349
273350
270732
273351
273326
273352
280367
270315
273327
273081
281680
271917
271061
273506
271062
272077
272451
779135
272076
272183
271725
282031
276921
306232
272240
271384
271385
282497
272621
272799
271463
272639
780746
273087
271775
272855
271106
271107
271337
280065
272778
271124
272212
273478
272783
272207
273294
272589
272370
271517
272911
272093
313916
277312
277313
271638
271637
777611
271518
272452
777082
272124
272125
272193
272119
272120
272111
272121
272146
272265
272264
272261
272266
272263
272279
272262
272830
308532
271512
271513
271708
311228
270466
271885
314313
271502
271514
271901
271515
272937
271971
272623
273220
271432
271574
272800
271884
271868
271322
778412
272216
272274
312435
306210
273597
277344
287283
313057
313533
277704
280680
271784
320499
270903
319897
272491
777799
777791
779820
779817
777795
777794
777992
272205
283182
313337
271330
277720
315526
277726
287275
272340
272191
271896
271156
280660
272798
280650
780140
273068
271318
272341
318492
283376
271316
280643
273402
271157
272492
780314
272342
271921
320512
282797
280645
282120
282119
280646
314988
273111
312004
271317
271158
272006
314640
272202
272493
312252
312209
779139
273214
272459
280661
282667
320503
272985
282165
271953
282118
271858
282074
272460
272651
277343
313335
321454
273212
273078
272059
314534
312380
272967
270211
273365
271159
273303
270730
273348
270731
777842
287527
282896
287296
306209
305755
287297
286906
286278
272180
271364
271724
272196
272338
273231
272490
313924
272825
272826
778415
273614
273298
315840
280959
776849
779140
776855
274143
316602
312390
271314
779204
272339
312204
271066
777257
271643
271509
314574
271590
272901
776462
280271
271591
320284
314039
778949
313361
777841
271919
271942
272238
271349
276837
271348
320468
271727
273274
272133
271366
778497
271350
273526
779233
271315
272022
271117
271351
271852
272122
780293
280288
273364
271783
273334
271857
778128
272074
320280
280668
274156
276213
272730
271909
273593
282798
274151
273566
273532
273538
273518
273536
780490
278543
314316
780505
779824
277237
277821
312932
272682
308314
305925
272443
272633
272555
776624
272444
271329
777069
318888
272554
777084
271080
271056
271244
271081
780298
276827
280063
287276
287274
280278
314025
306588
315812
272516
273475
272517
273553
318044
273529
272875
273098
277335
272174
272556
273099
272557
273491
273490
276819
308269
271434
272840
321200
312328
277912
312332
270188
280862
271924
271997
272590
271929
282902
271327
315815
272044
314567
276852
271631
278549
286692
312033
280413
282131
278623
280840
271632
272618
272645
277953
270560
271307
271149
272208
282672
314563
272336
777994
271345
271363
271508
780448
318497
778640
272145
279361
279964
273311
777748
271308
272040
273434
271309
271880
315532
272518
306148
321448
272821
276829
271034
271022
271037
271023
271996
271024
272822
272823
272806
271025
272652
272807
271113
271120
272815
272816
272817
272818
272808
272115
312014
287018
272141
271392
313795
320506
271925
272211
271811
272466
272410
271200
313532
779133
271293
272944
282184
272551
272926
272118
286510
776465
272941
271477
271870
777355
778773
277239
314137
273545
280856
270499
271928
270498
272162
779825
306542
272094
272552
271397
271398
271354
277708
778948
313918
271433
318338
272628
277228
272257
271399
320467
273074
312225
271079
272441
271336
321114
306229
314991
311450
318425
318040
272267
778493
778769
778951
272442
272553
272992
270511
308316
315712
312384
312947
271131
273103
277359
282329
779366
779131
276235
313359
277816
286726
280743
280883
280158
777614
272187
272970
282799
273222
271534
314570
277730
319893
271064
779083
272275
273338
312385
271798
272890
272883
320459
272879
779079
313794
271881
272301
272483
308595
271310
318377
273448
273091
278544
273513
273609
273451
314281
273511
280586
273512
272276
271426
271427
272142
280659
314068
273455
273283
273118
273549
273550
273457
280477
273167
779080
305757
273505
273228
273227
271799
271031
271108
281835
780145
305631
272302
272303
272484
272304
272305
272306
305627
282163
313777
272859
280961
272308
271216
271428
273110
272307
272309
271311
271217
282029
312310
272173
272828
271032
271033
272820
272805
777080
272700
271440
271155
272963
320793
272164
272237
271346
271347
271726
272379
320472
280412
777798
271429
271441
780155
271721
271856
312330
271589
271588
271532
271992
272378
271423
273145
271878
272653
272229
271270
271927
271533
777077
271641
282062
273438
279959
777242
271324
271224
315459
311227
271225
271984
272131
287250
271226
287295
278545
280409
280597
278663
308522
277349
281846
272380
277233
279956
282525
271776
271271
276865
276885
272034
271218
272242
272381
272382
320270
277699
273556
280274
280662
282171
320039
272630
274159
311967
272167
272711
321623
282147
271585
319956
271491
777243
779314
271219
271820
270604
779134
273094
306146
273108
312337
315760
280272
287981
312410
277691
277688
277719
311233
272654
283564
271374
320477
272363
287273
312329
312301
274133
273363
270206
306712
778414
272524
305704
271182
312458
312440
271313
779823
272290
272005
272235
273428
277362
272225
276843
778761
276858
276874
272150
280243
272161
272252
272251
272117
272794
272791
273282
272287
276850
271993
276851
276868
272729
271923
272007
272147
272253
314038
280686
279877
273371
272337
272506
272873
271328
306206
321204
271334
273492
272681
305626
271445
272960
271180
321639
277754
272507
271596
271126
271796
778132
273592
780507
778371
272008
272102
271344
271897
314996
283168
272289
276880
272795
272134
271065
312387
315453
287715
273560
282166
282061
272489
776859
271205
314644
320474
277728
315460
271582
270559
282071
272627
287272
315711
313536
312079
273339
273344
273340
316497
273345
271206
272512
318051
318050
271229
271207
313528
271383
282077
315456
272412
306591
321628
271060
271122
271640
315710
313520
271837
272469
780607
777066
318045
272002
271768
320044
282141
282130
282177
306195
312434
271769
314891
319896
271583
271461
283425
777258
279962
282673
286340
273543
271213
273571
271772
273224
320560
271773
313914
282155
312437
280061
320566
271774
281848
271895
277820
286688
277034
274147
281838
281845
274150
282027
281840
281833
281832
281847
281837
281839
281844
281834
281836
281843
271365
287249
272300
276915
273243
273185
314138
277913
273516
272971
273430
272200
272210
272972
271170
315527
318495
306536
283452
273555
308593
272158
777356
271972
313543
272973
271794
777615
287523
272677
320511
272678
271795
271728
271729
271737
271717
271994
308315
277725
311966
287517
272925
777749
280411
271294
271201
313336
271123
271295
320198
271877
271938
271121
287006
271911
271227
272185
271202
272186
282160
271059
272188
271047
271203
280675
272844
271465
319894
273310
273109
272467
272411
777622
271466
313796
277338
271581
272468
271547
271548
273578
271204
286694
777255
314033
273544
776628
282307
272657
273184
779642
272660
272106
271939
321096
308538
273343
271228
280192
271959
287980
308294
320282
273088
271922
271620
272689
314133
279352
272584
273306
778507
320042
273572
776617
273318
271198
271947
273328
277818
271199
280252
282169
311975
280276
270493
308669
282793
314311
776466
306205
776866
312218
280294
276246
276245
286272
271549
313334
271757
273235
271435
280850
277230
280861
276234
271360
777991
305622
273072
273564
271838
314130
276938
273073
777605
272979
272984
272625
271733
271744
271734
271882
286352
271735
271579
271372
271380
273200
271373
272222
271492
312303
271538
272364
273187
314308
271179
314096
271405
271603
271493
273510
273360
271043
777252
279954
312408
272503
276931
271595
271523
271716
282075
272504
308313
271265
272376
271168
305756
271266
271169
320460
271490
273407
272127
273577
272527
320470
311589
271305
779816
778369
313792
272719
320498
271850
272624
272214
271821
272667
272668
272669
272659
272670
272671
272658
272353
320567
271736
272110
776613
321199
312019
271195
271487
778501
271263
271196
282128
272846
780954
271459
779313
272839
271495
272851
313519
271577
271497
318893
271411
272245
272155
273500
313538
271460
276835
315512
314562
280590
278658
280960
272259
271973
271412
271413
271578
271913
282495
272224
277345
776615
274149
777253
312210
779232
312934
776467
273257
271498
286331
276216
271197
271499
271719
271417
272027
308306
282800
273085
271765
271766
271767
271970
308663
312305
312308
272583
282795
779132
271618
271621
271619
272709
273503
273600
313051
273504
287282
271730
276887
278672
278677
278674
306193
278661
278665
272632
272878
271731
272619
278671
271176
306145
315713
271600
274162
321447
272250
272135
318897
271800
271177
280665
319229
273405
271906
272903
271988
271892
271862
272540
277718
273215
272541
273128
277367
272365
272542
272366
273256
272367
273462
273232
273460
272368
277365
273254
272495
277363
272369
273129
273459
273146
273130
273253
273252
273260
274153
273259
273147
273131
277364
273606
276229
273132
273607
272373
287271
272258
271352
271353
321455
776856
271948
271983
272051
273245
273548
313774
313539
279955
273148
313347
271605
271519
272648
271606
282154
780758
780762
779310
312206
280163
277734
280173
282157
270507
280841
279957
312939
282162
282627
282704
305933
287277
280589
313367
312373
277707
278546
312938
277701
277724
280846
277733
314884
312396
312298
280277
312299
278660
308533
280164
312379
312393
306213
312372
314571
312383
312003
312409
277700
280301
308650
313692
280844
280847
286728
280648
280303
280678
280651
316599
316601
287298
280682
283448
278538
276857
277881
273406
276878
273410
277878
272244
273409
272204
273433
273285
273431
315837
312045
273442
282663
272001
271899
287301
280166
305784
276884
279354
272219
280159
272917
276883
283532
276855
272177
279958
276873
283450
305761
273341
313840
313842
276833
272470
272842
271599
271446
272431
272060
312936
271873
272950
272947
271808
779365
321097
272271
778035
271807
271112
282156
272432
282622
276919
273425
273421
320196
320464
272293
320201
320277
777745
320278
776625
777843
280671
320194
778126
280598
280687
777990
271105
777079
277684
280653
270501
272433
272097
271809
272064
273465
272680
272138
312433
282135
314989
282182
314314
314883
287516
305928
282149
287299
287015
311590
313518
312949
306147
306589
287005
287284
282889
287290
287550
277702
314882
313693
312307
314315
315819
270672
277706
286282
311449
282496
305629
311229
288004
287714
315813
287548
314887
287300
312320
282493
312306
312316
277694
273557
277723
270601
277715
280177
314889
277729
277698
308541
273152
273153
272165
271135
287518
280410
272854
274157
777261
272104
272344
272345
318509
271918
315719
277909
272067
273558
271860
272539
321451
271861
272129
272948
271511
777247
271612
272704
272334
277735
280658
273366
313380
311968
271320
314990
312222
312226
277827
273520
318467
271931
313694
271634
272902
272912
272243
272525
272862
272866
320561
272278
282796
272713
314992
308623
272320
271675
308670
777617
272273
271075
272321
277693
271949
272849
271430
272526
312334
271745
271431
277319
271969
778771
314312
271950
280559
279784
287522
778758
283427
279357
312951
272679
271167
277746
273587
271793
272502
321487
272062
273213
272130
276820
271666
273422
273508
272056
270702
276821
305929
271287
776861
271376
312073
280300
276856
277232
280168
273149
271747
271963
280307
273064
276870
273373
272375
280666
271186
277908
273354
273598
273070
271288
271449
312391
278684
282173
280203
278707
282136
278653
270397
282070
280366
306234
282606
277811
314029
282073
278679
315722
273355
277817
276247
271450
276831
313841
277346
276866
277690
271425
319962
271289
272928
272819
272708
271889
320267
271467
273106
273183
271214
271965
272907
276826
273089
271215
271063
271464
271386
271817
271377
280167
271568
271191
271818
271613
271500
271301
272860
271501
271614
777743
282159
272988
272299
273117
273096
271115
312302
272538
273234
287547
270365
273368
273573
271134
780338
271302
273419
272377
273581
312314
273090
277416
316808
780151
271268
286279
271936
276886
280745
286273
306539
272488
273203
779082
271118
271223
272784
272780
270400
283166
271937
312020
286328
273150
272884
314024
272993
272723
272698
271530
271531
271587
271529
271962
276924
274158
273353
276217
272404
313382
271879
272024
272004
272025
272269
282153
271835
314135
272686
271541
271623
273140
308671
321452
277348
271542
272405
277314
271085
273063
271408
276923
273188
277686
272406
778494
271836
321203
314881
311964
272009
271286
272841
778757
273115
272021
272547
272038
277422
271764
276221
277361
282609
271746
272673
283426
271375
271607
271543
271544
271608
272899
272904
271545
314564
315841
273454
306207
273331
271211
273066
273449
280647
273408
281944
272418
272156
778421
776620
271770
272178
271801
273127
272419
273207
272151
321626
273547
277882
277782
273332
777744
282608
280417
272474
321104
780492
278662
277337
277712
313535
270510
273333
315452
272797
271698
311965
313562
313564
272475
273616
271050
270722
272476
271771
273551
282081
313027
271636
313542
271333
271212
271171
777838
276933
306211
272221
314028
272505
273186
271172
279436
271173
272206
271524
776857
780447
313022
270500
273323
286349
314305
282491
271267
277417
273057
273519
312405
271044
318493
312378
280644
271525
314026
312376
273582
277810
271782
314561
282680
315842
281830
273233
282607
280596
271562
273608
272190
312388
272105
272776
777844
276853
283164
272959
272409
273293
273288
313920
271381
273199
312207
272722
272716
272717
271580
271559
308307
271208
312309
272721
271584
271560
271561
273515
273052
272692
272696
272693
272694
272450
272471
272968
308292
273329
272472
313832
312074
271209
272282
273312
271210
321105
313791
273610
273615
271190
273330
271816
271462
272888
272136
272889
308662
272132
282150
312370
273299
777290
273246
271690
316665
321112
312984
315838
777359
321449
312931
280863
271697
305632
276889
273067
272983
273055
272980
272981
272969
273142
271342
272086
319407
315507
778129
272113
272473
271556
320454
273307
271557
271488
271471
272697
273239
272015
272786
271041
272812
271890
272785
271042
273476
273479
282903
280169
280655
320040
311231
273494
313695
273372
271604
319895
312049
777260
779832
272284
308649
271489
272834
313343
313338
314987
306540
273423
271312
272882
271893
271125
276228
271067
272509
272510
315455
313697
308598
271068
276848
282183
315531
271597
272511
312077
272508
282794
778130
273324
779136
280280
280273
270576
306127
273325
778641
280593
271174
272195
272477
271069
271930
274148
272478
272642
271070
272796
273507
271071
271127
780156
271072
271175
272861
273342
273590
272194
271240
271645
271974
277035
274144
312315
312015
271810
312001
306228
273567
779640
272924
312459
312336
312456
272479
278666
314535
272843
286342
271231
308661
277687
313054
319406
277705
313050
277710
280679
280996
308539
312000
273575
320269
320273
320276
320283
277716
271900
273605
277229
282676
287971
272595
273116
286693
272415
320287
271626
271940
272897
273603
272416
281499
320508
306208
314099
320041
272114
272417
312312
273181
272246
271975
271437
271470
271145
272691
272684
271388
271888
272933
272837
271554
272596
280174
272597
315513
271840
273275
278625
272218
313919
271232
312457
271038
271021
315758
272198
272385
271110
272354
272355
778419
272598
272386
287970
272286
271183
271321
282671
273612
272322
311979
270195
315509
315508
315461
279353
276871
276861
280683
315581
280210
271039
272827
272813
272811
271040
316496
272732
271291
273467
271691
271874
271292
272383
777839
305621
271222
273357
780154
272003
273229
272486
272487
286696
271780
271822
277235
271781
271823
272170
271819
271824
271825
271453
777836
318891
271570
272908
271571
313059
271569
312099
271572
320458
778125
271573
318892
272910
271387
271378
271550
271551
272909
271987
272281
320195
320038
315457
311226
315506
318041
316600
305927
318889
271979
271552
272294
271655
271998
282028
272042
320197
321098
314104
271192
280963
315816
271454
779644
321110
271230
272169
272413
271553
271455
271468
271048
271193
271456
777360
272000
271964
278656
272288
276864
274152
276867
277808
273346
271194
271469
272414
272154
280689
273296
281952
276876
280859
273144
280481
273524
276862
276912
276224
305923
271252
272465
778367
272063
271706
286687
271785
271707
777067
278664
278676
280476
280306
272058
314568
273499
271814
272112
313531
272720
273086
272690
286277
272092
314995
272605
272606
271739
271982
315814
282623
271628
272824
271264
315759
271298
271674
272312
272607
320600
271843
272098
271299
271960
272227
273493
273604
272608
313537
272313
271017
273537
271629
282801
282897
277737
271438
272314
276863
271300
272864
313381
778495
276836
273208
312048
277238
312078
312331
320265
271844
286904
274154
276875
274160
273230
273236
283167
273514
272609
312220
778770
273470
286350
273602
272315
272610
312098
314994
283377
273226
315720
273563
273435
271147
778368
280068
272324
272325
272611
272877
271851
305753
272989
280067
271422
272612
272083
282145
272613
286341
311972
271954
777621
315714
778956
776629
776630
777613
777040
276237
312333
314101
313527
314037
313529
320264
282080
277807
280304
271181
272614
271505
277240
287526
777076
320564
271424
271673
271074
316666
286727
320453
314643
286970
308542
777746
308540
272254
777078
272647
272203
316495
306534
314890
779101
777792
777269
283375
776642
271740
272665
271853
271827
271777
315839
777292
312411
272081
280469
272107
271828
272485
272201
272838
271220
282626
271654
272036
272068
272522
271221
306188
273356
271586
271778
272108
312402
271779
271055
271563
320455
271393
282064
272874
272957
272231
278624
272956
272958
271598
272482
271241
273452
313384
277316
273502
311224
271338
280657
313921
313793
272661
314040
315530
314027
271694
280299
282127
282158
272437
282146
271394
272461
272199
313344
287009
286280
270557
273439
312208
282677
272520
271242
313364
272438
287716
272153
272641
272439
272440
272462
283446
273056
272521
320463
271943
272463
271812
280793
271442
313843
272781
312047
271243
286509
272464
272260
777070
271395
271396
272175
271592
271945
280397
286686
779084
273190
273464
271704
271367
776614
271806
271443
271703
272430
272358
277418
276834
271251
271160
271705
777249
272895
271593
272095
271566
305752
313563
779977
273523
780756
272327
280416
280414
280415
278678
312097
276925
272397
272898
272192
271279
778418
778407
272213
271869
308524
271494
271627
272577
777039
286734
272434
272435
273179
272640
271615
276846
273317
319957
272964
277347
277340
282186
271754
779102
271356
286905
280265
312950
272578
272078
271684
272579
271968
273403
274145
272831
271504
272836
276225
282500
277236
273420
277420
271755
271357
779978
272580
276935
271084
273124
280178
272581
286735
272140
777266
273426
272582
272239
271358
271400
272480
280295
271978
271644
271359
272445
271382
271711
271369
271712
272481
276227
778499
312369
314034
273533
314886
278655
273182
273446
272436
271054
271797
271029
276849
272387
273432
278675
272599
272268
272810
313360
271671
272388
271966
273210
271233
272600
271389
272389
287519
271146
272965
273591
282308
277033
273193
276220
276847
271904
272804
274163
272601
277412
780161
272228
280667
273621
271841
271738
271555
280175
306199
286287
779637
271656
277822
276845
315757
272650
272646
274132
319232
273585
271390
779976
778038
271672
318900
272039
272832
272181
280599
287524
272085
272602
272390
282065
286725
272391
272603
273586
276222
271842
287972
320043
271049
272046
779206
276828
314107
282669
272604
305943
277405
287016
273584
311969
314307
271941
272894
271905
282494
306590
778774
277809
272073
271695
271696
272013
271648
312313
320279
272392
271007
271610
312211
779975
272570
320285
280179
273100
320563
272574
271633
276838
271864
278659
282078
271103
271687
282895
283534
780606
271758
272986
276223
276215
271622
272126
313797
272296
279785
278657
271140
320505
271255
273424
308317
282132
271688
271280
273113
272398
318949
279972
272975
311977
272347
271689
283533
271649
271650
271667
272399
282175
271668
287281
280962
280843
314560
305924
271406
280368
280369
272591
271281
271407
776621
271624
271282
272400
271669
273486
286353
272087
306191
308665
271651
272636
282892
272401
272592
272402
271834
273588
315454
280558
271142
272976
311976
271283
314031
279961
271339
271630
276869
280674
272966
279359
273495
273194
272403
279966
271284
280419
273304
282668
315721
277360
271871
272026
272429
271028
314880
271679
283163
312404
271805
776848
272272
305751
305624
271052
778417
273102
271132
273554
272371
280066
273530
777618
318890
272249
271109
272372
282137
273302
271680
312002
271663
311970
273217
283535
313798
272560
276920
279356
273119
273501
272310
274167
286281
280691
779231
272561
272035
308309
272562
273458
271026
272357
274164
273562
274155
274161
276236
280176
274165
276888
280069
286731
271409
272247
271410
779819
273120
271750
779141
271296
273546
271297
280557
272563
280364
273620
272311
280293
308308
305625
312438
271981
778510
272564
273218
287008
276643
272565
272566
313026
271133
272567
272568
286330
272569
314067
272233
315718
315511
315717
287007
287280
316494
272069
779208
282025
271661
271693
286695
271662
278548
286684
280855
272496
271319
273427
776858
279952
271786
271035
778037
271859
280221
280220
306535
272057
272331
776464
273286
271915
272332
272497
273411
272425
283170
271609
279787
279786
272892
273413
776865
272426
271027
278537
283401
273456
273076
311978
271148
312367
312368
272865
273309
273565
314115
314120
314117
314116
314118
313844
272326
283162
273480
273601
271362
272927
271391
287525
312205
272558
280592
271804
287551
272075
279360
271749
272982
271476
776860
306125
280746
312377
272427
272428
311230
272559
282621
272519
305926
308534
277241
286332
271875
320266
272080
271903
280845
282894
314129
271188
318090
273509
312017
271189
320456
271567
271444
271692
271951
271907
272701
273112
272702
272703
271185
272695
271510
271657
272023
271448
271916
277234
272494
272850
271891
280670
273450
280165
313053
314888
282138
272088
776463
272622
272277
315031
272343
287279
312042
273206
280681
276877
272149
286351
272089
272090
271658
312933
271659
287294
272103
306123
318491
779312
280957
271908
780144
312382
312398
312043
282628
312399
280956
277315
277366
271436
318494
271826
779641
272123
278673
279355
273083
272876
311971
776851
779831
314100
321633
276913
276932
321622
312985
282890
271660
277341
271944
321778
282063
778127
287288
778370
320461
778506
316664
272050
272707
271876
272638
273104
272809
271335
271248
271057
777607
780491
320271
313362
272845
286329
282180
287549
271854
776632
277415
286736
271058
278547
282172
271958
271756
271935
776854
271479
271480
312317
286274
271481
271249
271676
282117
320507
277342
273596
271250
271482
271451
272905
271702
272548
271472
273238
271452
271473
271234
271699
272991
271677
778772
318042
272066
271235
777267
272065
276926
271748
318043
272857
271474
273487
282139
287017
271980
272256
271402
272906
271483
271161
273191
273453
271815
277942
282170
271484
271713
282134
272356
314106
276644
271594
273105
308296
271253
776470
272448
272449
277404
279970
273289
279968
273291
279963
279875
273301
270593
272298
273084
315817
273071
273223
282492
280849
778509
308289
282625
279965
282026
312436
313515
271144
271714
273313
272049
286348
314103
272223
273359
320286
314108
272790
778420
312075
272575
273276
271646
272144
271670
272182
287278
271527
271647
271625
272913
271961
271539
272656
271528
274169
273141
272687
271540
312441
271136
272987
280591
777800
272137
271934
272893
271401
272887
272803
271245
273561
272446
271685
271564
271957
283173
313540
272071
777072
272043
778775
777609
779210
273126
272447
271616
306126
272932
271617
272789
271813
271686
271478
313541
272802
271137
271246
778947
286732
276922
272061
278685
272788
272179
272052
272163
272458
271565
315529
287515
271247
272637
273319
314318
314097
272643
313778
283165
280160
271845
271761
273121
320500
280958
313915
313024
780337
286276
314280
280119
271141
273580
780142
272318
273075
273164
777075
286733
272833
313379
314646
273337
286271
318507
280480
272725
271019
273484
779309
271846
277713
277911
272588
271847
272082
270512
272319
272635
273237
276219
276233
276232
308624
272297
314134
273284
280864
313799
780153
776619
271332
314879
271848
776864
272546
306124
780603
272047
271762
319961
280270
779103
313565
272593
313521
287251
282178
315725
313346
314898
315528
271946
312070
280170
305932
305931
780761
271526
280275
276854
272197
272710
320281
273180
272793
778952
273358
271143
271912
272594
271020
271269
313831
780152
779138
273483
779828
313922
778953
276911
780295
777083
270274
271642
273481
271718
278542
273287
271985
272715
273242
280685
282624
272285
271839
320200
778508
313775
273248
273247
271138
271723
272886
273525
272945
271139
271238
270703
272951
271239
314098
272940
777606
270550
272978
272139
271986
777081
777248
313363
271129
312212
308312
270704
280587
281831
277722
308597
276218
276832
273447
313025
313023
273485
271130
272407
777293
306231
306230
271073
272408
272456
272209
272248
272974
282176
276895
271053
272359
276918
313530
271416
778759
273209
272360
320199
271967
313773
273125
272361
273095
272362
280296
777610
271902
271910
314119
306187
272523
311452
273579
776631
777993
282179
277741
272938
271076
271664
272374
273211
272172
271665
308536
271926
277350
277814
271447
276241
273258
312335
273535
273517
283428
273069
312401
271635
273522
277823
272900
272896
273521
272011
315030
280654
277709
280688
273531
312406
272045
312389
271036
312304
277731
279971
279960
280652
277727
277812
277819
280853
272714
272922
779822
271863
312051
306190
779827
271952
286284
271520
271323
272962
272292
316810
277410
276822
273497
779818
777797
272528
778957
273202
282072
316809
271254
779638
276916
312041
319958
271485
318496
273498
306592
271418
272848
272847
272148
271184
319404
272814
778036
313058
276823
277745
272585
305945
319230
272683
272685
273201
777837
281841
320496
273461
312076
780910
